17:25:01, 19640, 826,21,5168
17:30:01, 19214, 820,1,8
17:35:01, 19356, 814,12,5690
17:40:01, 19272, 826,0,0
17:45:01, 19323, 815,0,0
17:50:03, 19373, 804,0,0
17:55:01, 19386, 795,1,731
18:00:01, 19452, 808,1,706
18:05:01, 19527, 805,0,0
18:10:01, 19555, 824,0,0
18:15:01, 19585, 907,3,1616
18:20:02, 19661, 940,9,4108
18:25:01, 19614, 1037,3,1886
18:30:01, 19625, 1052,8,1941
18:35:01, 19764, 1075,1,5
18:40:01, 20141, 1087,12,5969
18:45:01, 19627, 1071,20,3012
18:50:02, 19645, 1064,18,11651
18:55:01, 19719, 1105,1,5
19:00:01, 19871, 1072,12,3951
19:05:01, 19707, 1038,0,0
19:10:01, 19763, 1100,4,2023
19:15:01, 19668, 1071,7,38
19:20:01, 19650, 1067,13,5885
19:25:01, 19673, 1098,13,7048
19:30:01, 19727, 1042,1,6
19:35:01, 19622, 953,0,0
19:40:01, 19849, 985,16,9795
19:45:02, 19638, 1014,17,6499
19:50:01, 19640, 1050,4,1935
19:55:01, 19854, 1075,18,1073
20:00:01, 19821, 906,11,64
20:05:01, 20206, 841,4,23
20:10:01, 20328, 806,55,897
20:15:01, 20055, 782,0,0
20:20:01, 20161, 770,4,2037
20:25:01, 20126, 768,0,0
20:30:01, 20295, 777,2,685
20:35:02, 20262, 774,4,685
20:40:02, 20240, 768,0,0
20:45:01, 20227, 770,6,2024
20:50:01, 20227, 765,7,2692
20:55:01, 20285, 766,0,0
21:00:01, 20326, 767,2,7
21:05:01, 20334, 769,1,3
21:10:01, 20466, 768,17,51
21:15:01, 20440, 772,0,0
21:20:01, 20528, 768,0,0
21:25:01, 20555, 766,0,0
21:30:01, 20470, 766,0,0
21:35:01, 20459, 764,2,6
21:40:01, 20497, 763,0,3
21:45:01, 20523, 761,0,0
21:50:01, 20514, 763,0,0
21:55:01, 20615, 760,0,0
22:00:01, 20593, 760,0,0
22:05:01, 20627, 761,0,0
22:10:02, 20629, 762,0,0
22:15:01, 20673, 761,2,1
22:20:01, 20724, 760,0,0
22:25:01, 20763, 759,0,0
22:30:01, 20827, 760,0,0
22:35:01, 20768, 759,0,0
22:40:01, 20816, 759,5,5
22:45:01, 20824, 759,0,0
22:50:01, 20844, 758,0,0
22:55:01, 20873, 760,1,4
23:00:01, 20902, 758,0,0
23:05:01, 20908, 758,4,16
23:10:01, 21016, 758,0,0
23:15:01, 21018, 757,6,3
23:20:01, 21034, 758,0,0
23:25:01, 21095, 756,3,1333
23:30:02, 21133, 757,1,4
23:35:01, 21166, 757,0,0
23:40:01, 21197, 757,0,0
23:45:01, 21198, 757,1,4
23:50:01, 21229, 757,0,0
23:55:01, 21244, 757,0,0
00:00:01, 21286, 757,4,12
00:05:01, 21269, 756,0,0
00:10:02, 21317, 758,0,0
00:15:01, 21337, 757,0,0
00:20:01, 21333, 757,0,0
00:25:01, 21356, 757,0,0
00:30:01, 21423, 758,0,0
00:35:01, 21372, 758,0,0
00:40:01, 21420, 758,0,0
00:45:01, 21440, 757,2,8
00:50:02, 21402, 756,0,0
00:55:01, 21465, 757,0,0
01:00:01, 21485, 757,0,0
01:05:01, 21488, 757,1,3
01:10:01, 21545, 757,0,0
01:15:01, 21564, 756,0,0
01:20:01, 21547, 757,2,8
01:25:01, 21553, 755,0,0
01:30:02, 21573, 757,3,9
01:35:01, 21598, 758,0,0
01:40:01, 21564, 757,0,0
01:45:01, 21572, 758,0,0
01:50:01, 21620, 759,0,0
01:55:01, 21596, 760,0,0
02:00:01, 21616, 759,1,4
02:05:01, 21628, 760,0,0
02:10:01, 21654, 760,1,4
02:15:02, 21681, 759,0,0
02:20:01, 21675, 760,0,0
02:25:01, 21698, 759,0,0
02:30:01, 21711, 759,0,0
02:35:01, 21741, 759,0,0
02:40:01, 21883, 760,0,0
02:45:01, 22367, 705,4,15
02:50:01, 22488, 756,0,0
02:55:01, 22086, 733,8,26
03:00:02, 22303, 737,7,2579
03:05:01, 22053, 757,0,0
03:10:01, 22039, 757,0,0
03:15:01, 22017, 758,2,870
03:20:01, 22144, 760,0,0
03:25:01, 22283, 761,2,1040
03:30:01, 22783, 688,3,1188
03:35:01, 23250, 759,0,0
03:40:01, 23115, 752,6,18
03:45:01, 22905, 755,2,764
03:50:02, 22940, 760,0,0
03:55:01, 22976, 761,2,738
04:00:01, 22999, 762,0,0
04:05:01, 23054, 765,1,366
04:10:01, 23068, 766,0,0
04:15:01, 23096, 767,0,364
04:20:01, 23106, 767,0,0
04:25:01, 24175, 768,9,1845
04:30:01, 24141, 769,10,2454
04:35:01, 24227, 769,4,1220
04:40:01, 23429, 769,0,0
04:45:01, 23432, 770,0,0
04:50:01, 23482, 770,0,0
04:55:01, 24124, 715,11,24
05:00:01, 23828, 728,13,2541
05:05:01, 23860, 773,0,0
05:10:01, 23760, 768,0,0
05:15:01, 23664, 766,4,1348
05:20:01, 23709, 773,1,368
05:25:01, 23723, 775,1,680
05:30:01, 23691, 772,1,5
05:35:01, 23633, 775,0,0
05:40:01, 23656, 751,0,0
05:45:01, 23682, 774,0,0
05:50:01, 23743, 773,0,0
05:55:01, 23757, 772,0,0
06:00:01, 23742, 773,1,296
06:05:01, 23815, 772,0,0
06:10:01, 23808, 769,0,0
06:15:01, 23821, 771,0,0
06:20:01, 23848, 772,0,0
06:25:01, 23866, 771,0,0
06:30:01, 23831, 772,0,0
06:35:01, 23899, 771,0,0
06:40:01, 23962, 776,0,0
06:45:01, 24207, 779,0,0
06:50:01, 24054, 783,1,304
06:55:01, 24105, 783,3,628
07:00:01, 24094, 783,0,0
07:05:02, 24382, 782,3,1062
07:10:01, 24225, 784,0,0
07:15:01, 24283, 788,2,1067
07:20:01, 24272, 788,1,691
07:25:01, 24294, 790,0,0
07:30:01, 24428, 792,0,0
07:35:01, 24365, 791,1,847
07:40:01, 23174, 771,21,7406
07:45:01, 23120, 794,5,847
07:50:01, 23131, 796,3,1397
07:55:02, 23158, 798,0,0
08:00:01, 23173, 797,1,6
08:05:01, 23170, 799,1,461
08:10:01, 23277, 801,1,7
08:15:01, 23246, 799,5,1365
08:20:01, 23298, 788,6,2754
08:25:01, 23460, 785,5,2395
08:30:01, 23350, 778,5,1371
08:35:01, 23361, 797,3,1080
08:40:01, 23388, 795,3,24
08:45:01, 23426, 793,2,1082
08:50:01, 23430, 799,0,0
08:55:01, 23435, 756,2,1080
09:00:01, 23465, 593,21,5907
09:05:01, 23555, 677,13,4173
09:10:01, 23566, 746,0,0
09:15:01, 23597, 729,3,1542
09:20:01, 23634, 751,10,2623
09:25:01, 23681, 739,9,673
09:30:02, 23673, 729,7,1891
09:35:01, 24144, 785,0,0
09:40:02, 23714, 756,2,1
09:45:01, 23697, 741,1,574
09:50:01, 23761, 747,0,0
09:55:01, 23820, 816,23,4047
10:00:01, 23859, 885,3,11
10:05:01, 23990, 963,2,696
10:10:01, 23931, 973,0,0
10:15:01, 23973, 971,7,3688
10:20:01, 23991, 973,1,866
10:25:01, 24045, 948,7,3143
10:30:01, 24035, 955,3,1703
10:35:01, 24101, 959,0,0
10:40:01, 24129, 956,3,6
10:45:01, 24158, 957,5,1136
10:50:01, 24166, 956,0,0
10:55:02, 24204, 960,2,1576
11:00:01, 24216, 960,2,864
11:05:01, 24240, 937,1,9
11:10:01, 24269, 944,0,0
11:15:01, 24309, 871,7,1895
11:20:01, 24301, 924,4,2449
11:25:01, 24345, 943,3,1506
11:30:01, 24335, 949,0,0
11:35:01, 24437, 952,6,3930
11:40:01, 24405, 955,0,0
11:45:01, 24414, 953,0,0
11:50:01, 24427, 952,0,0
11:55:02, 24517, 954,1,10
12:00:01, 24577, 957,0,0
12:05:01, 24822, 922,1,10
12:10:01, 24885, 941,0,0
12:15:01, 24890, 753,7,1336
12:20:01, 24927, 772,0,0
12:25:01, 25056, 788,0,0
12:30:01, 25089, 905,3,30
12:35:01, 25156, 945,3,1673
12:40:01, 25489, 947,16,9204
12:45:01, 25367, 966,1,9
12:50:01, 25722, 939,9,1711
12:55:01, 25434, 939,1,486
13:00:01, 25825, 832,1,822
13:05:01, 25825, 816,6,474
13:10:01, 25918, 753,2,467
13:15:01, 26781, 873,17,6866
13:20:01, 25819, 901,24,821
13:25:01, 25944, 822,4,1867
13:30:01, 25725, 824,7,1193
13:35:01, 25734, 822,2,848
13:40:01, 26532, 786,8,31
13:45:01, 26174, 855,6,857
13:50:01, 25937, 852,0,0
13:55:01, 26398, 823,0,0
14:00:01, 26144, 818,0,0
14:05:01, 26511, 816,1,8
14:10:01, 25978, 813,0,0
14:15:01, 26094, 815,0,0
14:20:01, 26144, 811,0,0
14:25:02, 26105, 814,49,1687
14:30:01, 26195, 753,2,16
14:35:01, 27531, 888,7,2040
14:40:01, 26414, 843,0,0
14:45:01, 27176, 1030,1,515
14:50:01, 26905, 1122,6,2054
14:55:01, 26582, 1166,4,2808
15:00:01, 26569, 1183,2,1
15:05:01, 27311, 1202,1,9
15:10:01, 26643, 1203,1,1093
15:15:01, 26498, 1206,0,0
15:20:01, 26857, 1212,0,0
15:25:02, 26519, 1214,3,1110
15:30:01, 26589, 1204,3,1116
15:35:01, 26976, 1130,1,12
15:40:01, 26074, 1172,0,0
15:45:01, 26115, 1134,5,3596
15:50:01, 26053, 1117,10,6525
15:55:01, 26091, 1228,3,3351
16:00:01, 26152, 1224,5,3339
16:05:01, 26252, 1012,3,1263
16:10:01, 26213, 832,26,5960
16:15:01, 26236, 892,17,172
16:20:01, 26570, 940,14,3404
16:25:02, 26889, 912,0,0
16:30:01, 27355, 916,6,42
16:35:01, 26636, 903,1,11
16:40:01, 26781, 908,3,813
16:45:01, 27248, 838,45,338
16:50:02, 27633, 888,0,0
16:55:01, 27541, 873,15,867
17:00:01, 27426, 915,45,306
17:05:01, 27658, 887,0,0
17:10:01, 27461, 959,5,45
17:15:01, 27486, 954,7,1732
17:20:01, 27833, 921,1,9
17:25:02, 27882, 897,12,6004
17:30:01, 27919, 943,39,2204
17:35:01, 27787, 936,3,1453
17:40:01, 27917, 911,1,39
17:45:02, 27962, 915,21,3141
17:50:01, 28088, 913,0,225
17:55:01, 28219, 899,3,54
18:00:01, 28583, 909,3,1355
18:05:02, 28525, 884,0,0
18:10:01, 28685, 884,2,66
18:15:02, 28896, 895,10,3208
18:20:01, 28893, 911,2,13
18:25:02, 28982, 880,0,65
