17:25:01, 1062, 828,21,5320
17:30:01, 501, 822,9,84
17:35:01, 579, 814,7,13
17:40:01, 501, 826,0,0
17:45:01, 516, 815,7,13
17:50:01, 445, 809,2,1
17:55:01, 480, 796,1,751
18:00:01, 424, 808,1,724
18:05:01, 302, 801,2,721
18:10:01, 410, 823,4,9
18:15:01, 602, 908,1,9
18:20:01, 597, 941,19,4195
18:25:01, 589, 1037,6,3810
18:30:01, 445, 1053,39,2953
18:35:01, 296, 1077,3,1987
18:40:01, 549, 1088,14,5046
18:45:01, 483, 1073,34,2025
18:50:01, 312, 1064,10,5408
18:55:01, 402, 1105,34,33
19:00:01, 287, 1070,22,5961
19:05:01, 251, 1058,3,5
19:10:01, 406, 1100,6,2058
19:15:01, 326, 1070,25,3002
19:20:01, 219, 1065,30,3972
19:25:01, 376, 1097,34,9157
19:30:01, 224, 1043,10,974
19:35:01, 140, 960,0,0
19:40:01, 206, 986,21,9075
19:45:01, 149, 1017,38,6573
19:50:01, 212, 1049,14,14
19:55:01, 168, 1075,73,3093
20:00:01, 868, 902,16,1733
20:05:01, 8, 842,3,836
20:10:01, 43, 806,75,578
20:15:01, 23, 781,0,0
20:20:01, 15, 768,5,2101
20:25:01, 4, 768,4,2093
20:30:01, 46, 776,7,8
20:35:01, 110, 774,17,2112
20:40:01, 87, 771,1,682
20:45:01, 54, 770,2,1370
20:50:01, 8, 767,2,696
20:55:01, 43, 768,0,0
21:00:01, 49, 769,5,696
21:05:01, 53, 768,14,367
21:10:01, 109, 768,16,64
21:15:01, 41, 770,0,0
21:20:01, 24, 767,0,0
21:25:01, 132, 769,0,0
21:30:01, 3, 765,0,0
21:35:01, 0, 765,0,0
21:40:01, 0, 763,9,12
21:45:01, 4, 763,0,0
21:50:01, 28, 763,0,0
21:55:01, 2, 762,0,0
22:00:01, 40, 761,0,0
22:05:01, 34, 763,0,0
22:10:01, 9, 762,0,0
22:15:01, 0, 761,0,0
22:20:01, 0, 761,0,0
22:25:01, 15, 759,5,5
22:30:01, 0, 761,0,0
22:35:01, 4, 760,0,0
22:40:01, 26, 759,0,0
22:45:01, 27, 760,7,7
22:50:01, 1, 757,0,0
22:55:01, 2, 758,7,8
23:00:01, 4, 759,7,8
23:05:01, 10, 759,4,10
23:10:01, 0, 759,0,0
23:15:01, 59, 758,8,4
23:20:01, 42, 759,8,4
23:25:01, 0, 758,2,695
23:30:02, 22, 758,3,698
23:35:01, 25, 757,0,0
23:40:01, 38, 757,0,0
23:45:01, 0, 757,3,5
23:50:01, 0, 756,0,0
23:55:01, 0, 757,0,0
00:00:01, 19, 757,3,6
00:05:01, 58, 758,0,0
00:10:02, 0, 758,0,0
00:15:01, 0, 757,0,0
00:20:01, 2, 758,0,0
00:25:01, 0, 757,9,18
00:30:01, 17, 756,0,0
00:35:01, 4, 758,0,0
00:40:01, 0, 757,0,0
00:45:01, 4, 758,9,15
00:50:02, 23, 758,0,0
00:55:01, 0, 758,0,0
01:00:01, 0, 758,0,0
01:05:01, 2, 758,0,0
01:10:01, 0, 758,0,0
01:15:01, 0, 758,0,0
01:20:01, 0, 758,0,0
01:25:01, 2, 758,9,15
01:30:01, 4, 758,0,0
01:35:01, 0, 755,0,0
01:40:01, 0, 758,0,0
01:45:01, 0, 758,0,0
01:50:01, 0, 759,0,0
01:55:01, 10, 760,7,7
02:00:01, 0, 759,8,654
02:05:01, 0, 761,0,0
02:10:01, 2, 761,3,5
02:15:01, 1, 759,9,18
02:20:01, 0, 760,2,1
02:25:01, 0, 759,1,5
02:30:01, 0, 760,0,0
02:35:01, 27, 761,0,0
02:40:01, 2, 761,0,0
02:45:01, 14, 707,23,30
02:50:01, 0, 757,9,15
02:55:01, 0, 731,21,36
03:00:01, 0, 737,15,1362
03:05:01, 0, 756,0,0
03:10:01, 0, 758,3,5
03:15:01, 6, 758,4,1839
03:20:01, 1, 761,6,12
03:25:01, 2, 762,0,0
03:30:01, 313, 689,3,1250
03:35:01, 428, 761,7,3216
03:40:01, 269, 753,10,19
03:45:01, 117, 753,2,744
03:50:01, 138, 762,0,0
03:55:01, 21, 760,0,0
04:00:01, 78, 763,0,0
04:05:01, 83, 765,1,354
04:10:01, 119, 767,0,0
04:15:01, 76, 767,0,0
04:20:01, 71, 768,0,0
04:25:01, 419, 769,11,1906
04:30:01, 369, 769,8,1920
04:35:01, 357, 769,6,1260
04:40:01, 79, 769,0,0
04:45:01, 56, 770,0,0
04:50:01, 100, 770,3,1406
04:55:01, 315, 714,16,35
05:00:01, 218, 730,1,662
05:05:01, 201, 774,8,4
05:10:01, 134, 769,0,0
05:15:01, 134, 770,9,1404
05:20:01, 95, 776,2,724
05:25:01, 124, 775,0,0
05:30:01, 58, 775,7,7
05:35:01, 0, 775,0,0
05:40:01, 17, 761,0,0
05:45:01, 69, 774,0,0
05:50:01, 123, 773,0,0
05:55:01, 67, 772,0,0
06:00:01, 2, 774,2,1
06:05:01, 11, 773,0,0
06:10:01, 62, 773,0,0
06:15:01, 63, 772,0,0
06:20:01, 62, 772,4,1639
06:25:01, 64, 771,0,0
06:30:01, 31, 773,0,0
06:35:01, 89, 774,0,0
06:40:01, 78, 776,0,0
06:45:01, 293, 779,0,0
06:50:01, 78, 783,1,308
06:55:01, 87, 783,6,950
07:00:01, 92, 784,0,0
07:05:01, 116, 783,2,734
07:10:01, 63, 785,0,0
07:15:01, 80, 787,5,2179
07:20:01, 27, 789,3,1412
07:25:01, 3, 791,0,0
07:30:01, 56, 793,0,0
07:35:01, 105, 791,2,858
07:40:01, 567, 772,51,5848
07:45:01, 200, 794,9,21
07:50:01, 84, 796,0,709
07:55:01, 0, 798,0,0
08:00:01, 2, 798,1,7
08:05:01, 7, 800,3,464
08:10:01, 0, 801,0,0
08:15:01, 22, 799,3,8
08:20:01, 68, 788,10,16
08:25:01, 40, 784,3,1692
08:30:01, 3, 779,3,1375
08:35:01, 0, 796,6,1602
08:40:01, 15, 796,19,47
08:45:01, 7, 798,3,1799
08:50:01, 9, 800,3,1421
08:55:01, 22, 751,2,1068
09:00:01, 1, 593,29,6069
09:05:01, 228, 678,33,3202
09:10:01, 147, 747,0,0
09:15:01, 39, 736,1,648
09:20:01, 205, 753,28,2075
09:25:01, 162, 739,32,2774
09:30:01, 60, 730,20,2583
09:35:01, 576, 783,0,0
09:40:01, 1, 748,0,0
09:45:01, 101, 740,0,0
09:50:01, 2, 746,0,0
09:55:01, 86, 816,26,1338
10:00:01, 73, 886,3,9
10:05:01, 106, 962,7,2225
10:10:01, 37, 974,0,437
10:15:01, 15, 972,8,5365
10:20:01, 42, 973,4,2
10:25:01, 445, 948,21,5251
10:30:01, 124, 956,3,1719
10:35:01, 240, 958,0,0
10:40:01, 272, 958,0,0
10:45:01, 304, 957,3,2223
10:50:01, 314, 957,0,0
10:55:01, 336, 962,2,1396
11:00:01, 377, 960,1,859
11:05:01, 189, 937,7,12
11:10:01, 1, 946,2,1
11:15:01, 43, 870,26,60
11:20:01, 169, 923,9,4929
11:25:01, 9, 944,1,728
11:30:01, 8, 949,1,719
11:35:01, 70, 952,5,2734
11:40:01, 67, 955,0,0
11:45:01, 0, 954,0,0
11:50:01, 0, 952,0,0
11:55:01, 215, 954,6,3841
12:00:01, 271, 955,0,0
12:05:01, 459, 921,7,9
12:10:01, 450, 941,0,0
12:15:01, 1182, 753,18,3286
12:20:01, 853, 769,4,907
12:25:01, 915, 781,3,1367
12:30:01, 1708, 904,9,21
12:35:01, 1317, 943,3,1692
12:40:01, 1557, 947,41,7615
12:45:01, 1542, 965,3,1732
12:50:01, 2059, 939,19,28
12:55:01, 1904, 937,5,935
13:00:01, 2491, 825,3,7
13:05:01, 2661, 815,17,1413
13:10:01, 2762, 738,36,715
13:15:01, 3627, 873,32,6682
13:20:01, 2685, 899,18,437
13:25:01, 2773, 821,18,1593
13:30:01, 2581, 821,1,724
13:35:01, 2549, 821,2,813
13:40:01, 3371, 781,21,135
13:45:01, 3101, 854,2,42
13:50:01, 3008, 851,0,0
13:55:01, 3690, 822,0,0
14:00:01, 3382, 815,0,0
14:05:01, 3742, 815,6,3
14:10:01, 3170, 817,0,0
14:15:01, 3255, 814,2,772
14:20:01, 3300, 813,0,0
14:25:01, 3265, 814,22,923
14:30:01, 3340, 759,15,14
14:35:01, 4628, 887,25,1610
14:40:01, 97, 843,0,0
14:45:01, 351, 1031,1,931
14:50:01, 1, 1123,13,2065
14:55:01, 0, 1167,7,1738
15:00:01, 0, 1182,0,32
15:05:01, 590, 1203,12,2221
15:10:01, 0, 1206,1,1109
15:15:01, 0, 1207,0,0
15:20:01, 0, 1213,7,10
15:25:01, 0, 1214,11,12
15:30:01, 36, 1202,13,592
15:35:01, 0, 1130,6,3377
15:40:01, 322, 1172,3,29
15:45:01, 5, 1133,5,526
15:50:01, 342, 1117,15,4063
15:55:01, 4, 1229,2,2252
16:00:01, 0, 1225,3,2245
16:05:01, 103, 1010,2,614
16:10:01, 146, 831,36,7298
16:15:01, 485, 887,19,134
16:20:01, 95, 942,73,4353
16:25:01, 0, 913,0,0
16:30:01, 14, 919,4,825
16:35:01, 269, 903,1,799
16:40:01, 11, 909,12,2436
16:45:01, 279, 841,35,259
16:50:01, 17, 889,1,16
16:55:01, 19, 872,25,935
17:00:01, 14, 914,44,269
17:05:01, 13, 886,51,378
17:10:01, 4, 961,14,33
17:15:01, 3, 949,5,854
17:20:01, 75, 922,3,7
17:25:01, 173, 896,11,6250
17:30:01, 617, 936,60,857
17:35:01, 201, 938,10,1421
17:40:01, 331, 912,0,0
17:45:01, 392, 920,23,2513
17:50:01, 504, 912,20,3165
17:55:01, 622, 900,9,74
18:00:01, 970, 910,17,2550
18:05:01, 847, 887,0,259
18:10:01, 1008, 886,0,64
18:15:01, 1190, 901,20,6395
18:20:01, 1202, 913,0,65
18:25:01, 1202, 881,7,101
